> quantile(output$psave,c(0.025,0.975))
     2.5%     97.5% 
0.2989833 0.3007921 
> quantile(output$phisave,c(0.025,0.975))
    2.5%    97.5% 
1.959930 1.962934 
> apply(output$gsave[,-c(1:burn_in)],1,mean)
[1]  7.512032280  0.008381022  1.969376667 -0.078206521
> apply(output$gsave[,-c(1:burn_in)],1,quantile,c(0.025,0.975))
          [,1]         [,2]     [,3]        [,4]
2.5%  7.504587 0.0009529636 1.932176 -0.07947569
97.5% 7.530625 0.0105028458 1.976442 -0.07271855
> quantile(output$Nsave[2,][-c(1:burn_in)],c(0.025,0.975))
 2.5% 97.5% 
 2457  2457 
> quantile(output$Nsave[5,][-c(1:burn_in)],c(0.025,0.975))
 2.5% 97.5% 
 2587  2587 
> quantile(output$Nsave[16,][-c(1:burn_in)],c(0.025,0.975))
 2.5% 97.5% 
 4040  4040 
> quantile(output$Nsave[21,][-c(1:burn_in)],c(0.025,0.975))
 2.5% 97.5% 
15027 15120 
> quantile(output$Nsave[50,][-c(1:burn_in)],c(0.025,0.975))
 2.5% 97.5% 
 4683  4683 
> apply(output$Nsave[,-c(1:burn_in)],1,mean)
  [1]  2413.000  2457.000  2523.000  2787.000  2587.000   417.000   410.000   430.000   493.000
 [10]   370.000  1190.000  4250.000  4610.000  5110.000  5558.345  4040.000  1310.000  1340.000
 [19]  1490.000  1483.000 15073.162 15533.945 15517.107 16231.335 17831.360  3000.000  2900.000
 [28]  3143.000  3387.000  3320.000  2080.000  2670.000  3240.000  3577.000  3567.000   633.000
 [37]   663.000   943.000  1130.000  1340.000  8777.216 10756.789 15757.025 16957.869 15658.299
 [46]  4023.000  4343.000  4650.000  5127.000  4683.000   527.000   567.000   640.000   680.000
 [55]   713.000   710.000   730.000   813.000   790.000   837.000  5679.942  6113.134  8033.075
 [64]  9256.846  9070.314  3910.000  4153.000  5090.000  6165.274  5422.176   883.000  1033.000
 [73]  1050.000  1140.000   960.000  1110.000  1100.000  1047.000  1113.000  1153.000  3593.000
 [82]  4247.000  4733.000  5223.000  4387.000  2593.000  2873.000  3323.000  3697.000  3803.000
 [91]   723.000   900.000  1180.000  1417.000  1153.000  3570.000  4287.000  6803.076  7479.859
[100]  7736.751  4300.000  5739.957  7415.359  7218.601  7462.475  5866.636  6593.206  7815.923
[109]  8971.223  8628.939  1727.000  1940.000  2243.000  2447.000  2123.000  1123.000  1173.000
[118]  1177.000  1183.000  1037.000  3560.000  3557.000  4573.000  4560.000  5370.000   420.000
[127]   463.000   400.000   400.000   420.000   420.000   423.000   403.000   510.000   463.000
[136]  1820.000  2067.000  2220.000  2257.000  2297.000  1117.000  1410.000  1607.000  1560.000
[145]  1510.000  4180.000  4850.000  6846.875  8942.396  9658.893  1827.000  1673.000  1670.000
[154]  1647.000  1793.000  7666.175  9180.332 12128.305 13071.651 12325.456  4530.000  5227.000
[163]  6513.404  8039.988  7523.208   147.000   207.000   260.000   230.000   237.000  9139.759
[172] 11026.006 14421.305 17026.802 13259.419  2593.000  2420.000  2713.000  2587.000  2390.000
[181]  1743.000  1687.000  1690.000  1770.000  1827.000  9101.798 10874.595 15415.986 17952.855
[190] 14710.865   827.000  1037.000  1090.000  1070.000  1060.000  2340.000  2540.000  2933.000
[199]  3363.000  3753.000   213.000   220.000   233.000   247.000   193.000  4233.000  4860.000
[208]  5425.615  5912.090  6068.541  8670.427  8626.558  9437.433  9964.183 10017.706  2013.000
[217]  2157.000  2120.000  2170.000  2083.000   280.000   333.000   420.000   450.000   513.000
[226]  3270.000  3467.000  4687.000  5027.000  4830.000  3267.000  3650.000  3677.000  3900.000
[235]  3883.000  2093.000  2420.000  2950.000  3250.000  2857.000  2847.000  2930.000  3583.000
[244]  3927.000  3600.000   367.000   323.000   333.000   233.000   223.000
> apply(output$musave[,-c(1:burn_in)],1,mean)
  [1]   2248.570   2263.095   2279.760   2300.572   2344.701   1644.836   1607.175   1606.999
  [9]   1624.836   1610.986   2602.254   2663.795   2717.201   2811.515   2920.894   1955.504
 [17]   1953.951   1954.072   1949.939   1972.059 144538.779 191395.265 231666.383 312090.797
 [25] 424860.059   2506.255   2546.546   2581.337   2656.011   2772.127   2224.790   2279.528
 [33]   2292.677   2332.375   2346.597   1660.018   1668.392   1659.454   1651.463   1666.539
 [41]   8102.826   9011.744   9851.567  10785.685  12006.331   3883.415   4111.411   4335.973
 [49]   4573.233   4806.761   1686.782   1696.039   1699.020   1696.275   1700.003   1727.561
 [57]   1719.391   1708.481   1731.943   1740.710   6556.323   6954.031   7045.024   7294.598
 [65]   7821.573   2922.150   2939.515   2978.987   3038.558   3152.232   2095.667   2142.871
 [73]   2126.100   2131.571   2155.348   1948.986   1966.833   1974.898   1977.060   2003.328
 [81]   2260.984   2269.580   2282.697   2297.294   2314.406   2496.341   2458.133   2421.244
 [89]   2473.302   2545.589   1654.194   1652.368   1659.988   1640.385   1658.567   2759.404
 [97]   2832.011   2929.563   2997.432   3037.181   3398.245   3582.068   3664.666   3761.488
[105]   3952.151   3693.997   3853.847   3958.027   4014.329   4160.444   2704.101   2760.448
[113]   2804.777   2828.691   2915.418   1949.231   1959.220   1948.449   1956.481   1947.727
[121]   2662.182   2710.139   2719.580   2745.128   2786.466   1625.736   1613.542   1606.341
[129]   1598.293   1614.311   1858.842   1865.661   1855.485   1865.153   1872.347   2056.329
[137]   2084.392   2117.192   2135.288   2174.966   1649.338   1653.082   1649.182   1649.925
[145]   1659.952   4090.886   4265.212   4340.394   4401.225   4622.296   1834.640   1826.921
[153]   1815.862   1827.094   1838.810  24248.728  27391.916  30560.508  34856.466  40893.542
[161]   3866.216   4050.126   4176.821   4301.640   4464.282   1705.422   1669.184   1648.696
[169]   1647.061   1672.614   4961.039   5133.274   5227.533   5468.771   5648.079   2300.906
[177]   2250.277   2217.247   2257.378   2307.987   2147.568   2178.218   2218.061   2261.201
[185]   2314.095   5924.791   6141.104   6291.224   6528.132   6853.741   1659.927   1636.746
[193]   1622.470   1633.497   1626.178   2265.090   2309.140   2347.922   2367.447   2416.592
[201]   1672.141   1681.090   1666.600   1682.924   1674.218   2849.387   2948.405   3015.226
[209]   3083.090   3166.169  35118.777  34530.554  34192.757  40150.828  52685.028   1971.556
[217]   1988.537   2013.726   2032.862   2087.795   1536.777   1515.295   1523.293   1503.044
[225]   1500.988   3567.729   3701.920   3769.033   3872.507   4024.977   3494.013   3658.592
[233]   3795.286   4072.461   4392.416   1894.668   1883.812   1864.508   1887.809   1888.752
[241]   2733.767   2799.886   2815.075   2831.157   2915.157   1678.775   1677.583   1657.574
[249]   1656.036   1671.679
